0.1
0.416227766016838
0.547213595499958
0.647722557505166
0.7324555320336759
0.8071067811865476
0.8745966692414834
0.9366600265340755
0.9944271909999158
1.0486832980505139
1.1
1.1488088481701517
1.1954451150103322
1.2401754250991381
1.2832159566199233
1.3247448713915893
1.3649110640673519
1.4038404810405298
1.441640786499874
1.4784048752090222
1.5142135623730952
1.549137674618944
1.5832396974191327
1.61657508881031
1.649193338482967
1.6811388300841899
1.7124515496597101
1.7431676725154985
1.7733200530681512
1.80293863659264
1.8320508075688773
1.860681686165901
1.8888543819998318
1.916590212458495
1.9439088914585776
1.9708286933869708
1.9973665961010276
2.0235384061671344
2.0493588689617925
2.07484176581315
2.1
2.1248456731316585
2.14939015319192
2.173644135332772
2.1976176963403034
2.2213203435596425
2.244761058952722
2.26794833886788
2.2908902300206644
2.3135943621178656
2.33606797749979
2.358317958127243
2.380350850198276
2.4021728866442675
2.4237900077244503
2.445207879911715
2.4664319132398465
2.4874672772626645
2.5083189157584593
2.528991560298224
2.5494897427831784
2.569817807045694
2.5899799195977464
2.6099800796022268
2.6298221281347036
2.6495097567963923
2.669046515733026
2.688435821108957
2.7076809620810596
2.7267851073127396
2.745751311064591
2.7645825188948456
2.7832815729997478
2.8018512172212593
2.8202941017470886
2.8386127875258307
2.8568097504180443
2.874887385102322
2.8928480087537882
2.9106938645110394
2.9284271247461904
2.9460498941515416
2.9635642126552706
2.9809720581775867
2.998275349237888
3.0154759474226505
3.032575659723036
3.049576240750525
3.0664793948382654
3.0832867780352595
3.1
3.1166206257996714
3.13315017762062
3.1495901363953815
3.1659419433511786
3.182207001484488
3.1983866769659337
3.2144823004794874
3.2304951684997056
3.246426544510455
3.2622776601683796
3.2780497164141407
3.2937438845342624
3.3093613071762427
3.32490309931942
3.3403703492039303
3.355764119219941
3.371085446759225
3.386335345030997
3.4015148038438356
3.4166247903554
3.4316662497915362
3.4466401061363023
3.4615472627943222
3.4763886032268267
3.491164991562634
3.50587727318528
3.520526275297414
3.535112807463534
3.549637662132068
3.5641016151377545
3.578505426185217
3.5928498393145962
3.6071355833500367
3.621363372331802
3.635533905932738
3.64964786985977
3.6637059362410924
3.6777087639996635
3.691656999213594
3.705551275463989
3.7193922141707714
3.73318042491699
3.746916505762094
3.7606010435446255
3.7742346141747674
3.787817782917155
3.8013511046643496
3.814835124201342
3.82827037646145
3.8416573867739414
3.8549966711037174
3.8682887362833545
3.8815340802378078
3.894733192202055
3.9078865529319544
3.9209946349085603
3.934057902536163
3.947076812334269
3.9600518131237568
3.972983346207417
3.9858718455450894
3.9987177379235854
4.011521443121589
4.024283374069717
4.037003937005905
4.049683531626299
4.06232255123179
4.074921382870358
4.087480407475377
4.1
4.112480529547776
4.124922359499621
4.137325847637269
4.1496913462633165
4.16201920231798
4.174309757492672
4.18656334834051
4.198780306383839
4.210960958218893
4.22310562561766
4.235214625627067
4.2472882706655435
4.259326868617084
4.271330722922841
4.2833001326703775
4.295235392680606
4.307136793592526
4.319004621945797
4.3308391602612355
4.342640687119284
4.354409477236529
4.366145801540308
4.3778499272414875
4.389522117905443
4.401162633521313
4.412771730569565
4.424349662087931
4.43589667773576
4.447413023856831
4.458898943540674
4.470354676682431
4.481780460041328
4.493176527297759
4.504543109109048
4.5158804331639235
4.527188724235731
4.538468204234429
4.549719092257398
4.560941604639092
4.572135954999579
4.583302354291979
4.594441010848846
4.605552130427523
4.616635916254485
4.627692569068708
4.638722287164087
4.64972526643093
4.660701700396552
4.671651780264984
4.6825756949558395
4.69347363114234
4.7043457732885345
4.71519230368573
4.72601340248815
4.736809247747852
4.7475800154489
4.758325879540846
4.769047011971501
4.7797435827190355
4.790415759823429
4.801063709417263
4.811687595755898
4.822287581247037
4.832863826479692
4.843416490252569
4.853945729601885
4.864451699828638
4.874934554525328
4.885394445602159
4.895831523312719
4.906245936279166
4.916637831516918
4.927007354458868
4.937354648979129
4.947679857416329
4.957983120596447
4.9682645778552335
4.978524367060187
4.988762624632126
4.998979485566356
5.009175083453431
5.019349550499537
5.029503017546495
5.039635614091387
5.049747468305832
5.059838707054897
5.0699094559156705
5.079959839195492
5.089989979949859
5.1
5.109990019950139
5.119960159204453
5.129910535983717
5.1398412673416605
5.149752469181038
5.159644256269407
5.16951674225463
5.179370039680117
5.189204259999788
5.199019513592784
5.20881590977792
5.218593556827891
5.228352561983233
5.238093031466051
5.2478150704935
5.257518783291051
5.267204273105524
5.276871642217913
5.2865209919559755
5.296152422706632
5.305766033928148
5.315361924162119
5.324940191045252
5.33450093132096
5.344044240850757
5.353570214625479
5.363078946776307
5.372570530585627
5.382045058497702
5.391502622129181
5.400943312279429
5.410367218940701
5.419774431308154
5.429165037789691
5.438539126015655
5.447896782848375
5.457238094391549
5.466563145999495
5.475872022286245
5.485164807134503
5.494441583704471
5.503702434442518
5.512947441089743
5.5221766846903835
5.531390245600107
5.540588203494177
5.5497706373754845
5.558937625582472
5.5680892457969255
5.577225575051661
5.586346689738081
5.595452665613634
5.604543577809154
5.613619500836088
5.62268050859363
5.631726674375733
5.640758070878027
5.649774770204643
5.658776843874918
5.667764362830021
5.676737397439474
5.685696017507576
5.694640292279746
5.703570290448759
5.712486080160912
5.721387729022078
5.7302753041036985
5.739148871948673
5.748008498577175
5.75685424949238
5.765686189686117
5.774504383644443
5.783308895353128
5.792099788303083
5.800877125495689
5.809640969448079
5.818391382198318
5.827128425310541
5.835852159879995
5.844562646538028
5.85325994545701
5.861944116355173
5.870615218501403
5.879273310719955
5.887918451395112
5.896550698475775
5.905170109479997
5.913776741499452
5.922370651203854
5.9309518948453
5.939520528262573
5.948076606885378
5.956620185738529
5.965151319446072
5.973670062235365
5.9821764679410965
5.990670590009256
5.999152481501049
6.007622195096771
6.016079783099616
6.02452529743945
6.03295878967653
6.041380311005178
6.049789912257406
6.058187643906492
6.0665735560705185
6.074947698515862
6.083310120660636
6.091660871578096
6.1
6.108327554319921
6.116643582596529
6.124948132556827
6.133241251599342
6.141522986797286
6.1497933849016695
6.158052492344384
6.16630035524124
6.174537019394975
6.182762530298219
6.190976933136424
6.199180272790763
6.207372593840987
6.215553940568261
6.223724356957945
6.231883886702357
6.2400325732035
6.248170459575759
6.256297588648554
6.264414002968976
6.272519744804385
6.280614856144977
6.28869937870632
6.296773353931867
6.304836822995428
6.312889826803627
6.320932405998316
6.328964600958974
6.336986451805069
6.344997998398398
6.352999280345393
6.360990336999411
6.368971207462991
6.376941930590086
6.384902544988267
6.392853089020909
6.400793600809346
6.408724118235001
6.416644678941502
6.424555320336759
