0.01	0.01	0.25	0.25
0.15799928310276834	0.15799928310276834	0.4288788300275624	0.07112116997243766
0.2978397526700571	0.2978397526700564	0.4114383130013188	0.08856168699868085
0.4328446218867091	0.432844621886709	0.3991580992570664	0.10084190074293348
0.5642313383497309	0.5642313383497314	0.3894937238043173	0.1105062761956827
0.6926865142054504	0.6926865142054504	0.38145825853287646	0.11854174146712332
0.8186614599703085	0.8186614599703086	0.3745505818880434	0.12544941811195667
0.9424791944938915	0.9424791944938916	0.36847671706868707	0.13152328293131296
1.064384028877385	1.0643840288773854	0.36304761755069004	0.13695238244931002
1.184568042709531	1.1845680427095309	0.35813378949775165	0.1418662105022483
1.3031867492466667	1.3031867492466664	0.3536425649845047	0.1463574350154953
1.4203688694284717	1.4203688694284715	0.3495042838332651	0.1504957161667349
1.5362229488827486	1.5362229488827486	0.3456664483563352	0.1543335516436649
1.6508417862408244	1.6508417862408244	0.3420868072784657	0.15791319272153412
1.764305849572667	1.764305849572667	0.33873252774943047	0.16126747225056956
1.87668551982297	1.8766855198229697	0.33557647625136927	0.16442352374863056
1.9880429104640693	1.9880429104640693	0.33259560547081407	0.16740439452918643
2.098433404971781	2.098433404971781	0.3297719399526986	0.1702280600473014
2.2079066043442563	2.207906604344256	0.3270894914377367	0.17291050856226342
2.3165071524589997	2.3165071524589993	0.32453428671288415	0.17546571328711574
2.424275662076912	2.424275662076912	0.3220951249095335	0.17790487509046643
2.531249036816909	2.53124903681691	0.31976192246120894	0.1802380775387911
2.6374610778607144	2.6374610778607153	0.3175258955849744	0.1824741044150257
2.7429427864240155	2.742942786424012	0.3153789025071024	0.18462109749289746
2.8477228474596856	2.847722847459683	0.31331453166940415	0.18668546833059566
2.95182770065071	2.95182770065071	0.31132674324144577	0.18867325675855426
3.05528195548842	3.055281955488421	0.3094101098781627	0.19058989012183744
3.158108395288196	3.1581083952881954	0.3075594931467688	0.19244050685323114
3.2603283857565186	3.260328385756514	0.3057705103419194	0.19422948965808023
3.3619619003453987	3.361961900345398	0.30403972572223803	0.1959602742777619
3.4630275896746965	3.4630275896746965	0.3023631529982352	0.19763684700176484
3.5635430644799677	3.5635430644799677	0.3007378177501434	0.19926218224985667
3.6635247695828115	3.6635247695828115	0.29916047767058085	0.2008395223294192
3.762988300760456	3.762988300760456	0.2976283408305094	0.20237165916949054
3.8619484097117103	3.8619484097117103	0.2961391117759416	0.20386088822405826
3.960418990975759	3.960418990975759	0.29469079650971797	0.205309203490282
4.058413250931764	4.058413250931764	0.29328087600240216	0.20671912399759787
4.155943705589262	4.155943705589262	0.2919076535731557	0.2080923464268446
4.253022183538284	4.253022183538284	0.290569122014419	0.20943087798558127
4.349660000305843	4.349660000305843	0.28926353519245873	0.21073646480754119
4.445867958355942	4.445867958355942	0.28798940804736756	0.21201059195263186
4.541656347089569	4.541656347089569	0.28674551659306446	0.21325448340693504
4.637034924636324	4.637034924636324	0.2855305249196527	0.21446947508034736
4.732013126461919	4.732013126461919	0.284342953726621	0.21565704627337895
4.8265998981479985	4.8265998981479985	0.28318178987817183	0.21681821012182803
4.920803778095677	4.920803778095677	0.28204579227080523	0.2179542077291947
5.014632992832847	5.014632992832847	0.28093385706429125	0.2190661429357088
5.108095457014178	5.108095457014178	0.27984501768167014	0.22015498231833022
5.20119877342112	5.20119877342112	0.27877844480925196	0.22122155519074857
5.293950232961897	5.293950232961897	0.277733446396617	0.22226655360338338
5.386356791474384	5.386356791474384	0.27670918040645204	0.22329081959354802
5.478425247214586	5.478425247214586	0.27570463943976053	0.22429536056023944
5.570162100256859	5.570162100256859	0.27471932120153036	0.2252806787984696
5.661573557435642	5.661573557435642	0.2737524372187967	0.22624756278120328
5.752665636498007	5.752665636498007	0.2728032709406219	0.22719672905937813
5.843444166103655	5.843444166103655	0.2718711777380954	0.2281288222619046
5.93391478582492	5.93391478582492	0.2709555849043341	0.22904441509566598
6.024082946146767	6.024082946146767	0.27005599165448174	0.22994400834551829
6.113953908466792	6.113953908466792	0.26917196912570956	0.2308280308742905
6.203532745095219	6.203532745095219	0.26830316037721574	0.23169683962278428
6.292824310650726	6.292824310650726	0.26744871051202473	0.2325512894879753
6.381833481981079	6.381833481981079	0.2666083515139921	0.23339164848600796
6.470564834270974	6.470564834270974	0.2657816851265918	0.2342183148734082
6.5590228018243195	6.5590228018243195	0.2649682317849907	0.23503176821500918
6.647211704937928	6.647211704937928	0.264167549343979	0.23583245065602082
6.73513574990151	6.73513574990151	0.26337923307797023	0.23662076692202963
6.822799028997681	6.822799028997681	0.2626029156810012	0.23739708431899872
6.910205520501958	6.910205520501958	0.26183826726673204	0.23816173273326804
6.99735908868276	6.99735908868276	0.2610849953684462	0.238915004631554
7.084263483801406	7.084263483801406	0.2603428449390505	0.23965715506094973
7.17092234211212	7.17092234211212	0.25961159835107506	0.2403884016489251
7.257339160519138	7.257339160519138	0.2588909291496722	0.2411090708503278
7.343517399804017	7.343517399804017	0.2581802380630545	0.24181976193694557
7.429460488230181	7.429460488230181	0.25747956722006227	0.2425204327799378
7.515171644705856	7.515171644705856	0.25678860692898814	0.24321139307101175
7.600654020031712	7.600654020031712	0.2561070667440147	0.24389293325598507
7.685910696900859	7.685910696900859	0.2554346754652143	0.24456532453478547
7.77094468989885	7.77094468989885	0.2547711811385491	0.24522881886145076
7.855758945503682	7.855758945503682	0.25411635105587094	0.245883648944129
7.940356342085792	7.940356342085792	0.25346997175492175	0.24653002824507836
8.024739689908062	8.024739689908062	0.25283184901933314	0.24716815098066722
8.10891173112581	8.10891173112581	0.25220180787862645	0.2477981921213741
8.192875139786803	8.192875139786803	0.251579692608213	0.2484203073917877
8.276632521831253	8.276632521831253	0.25096536672939385	0.24903463327060688
8.360186415091803	8.360186415091803	0.25035871300935975	0.2496412869906407
8.443539257510729	8.443539257510729	0.2497594899132354	0.2502405100867646
8.5266934904968	8.5266934904968	0.24916724575570134	0.25083275424429874
8.609651582034244	8.609651582034244	0.24858212589743756	0.2514178741025625
8.6924158140706	8.6924158140706	0.2480039408532913	0.2519960591467087
8.774988428436242	8.774988428436242	0.24743251086617873	0.2525674891338212
8.8573716268444	8.8573716268444	0.2468676659070852	0.25313233409291475
8.939567570891152	8.939567570891152	0.24630924567506488	0.253690754324935
9.021578382055418	9.021578382055418	0.2457570995972411	0.25424290040275876
9.103406141698974	9.103406141698974	0.24521108682880627	0.2547889131711936
9.185052891066439	9.185052891066439	0.2446710762530217	0.2553289237469783
9.266520631285278	9.266520631285278	0.2441369464812178	0.2558630535187823
9.347811323365807	9.347811323365807	0.243608585852794	0.25639141414720623
9.428926888201191	9.428926888201191	0.24308589243521872	0.2569141075647816
9.509869206567439	9.509869206567439	0.2425687740240295	0.257431225975971
9.59064011912341	9.59064011912341	0.24205714814283275	0.25794285185716775
9.67124142641081	9.67124142641081	0.2415509420433041	0.25844905795669637
9.751674888854197	9.751674888854197	0.24105009270518804	0.25894990729481226
9.831942212037598	9.831942212037598	0.24055450102217293	0.25944549897782704
9.912045024569286	9.912045024569286	0.2400636472940919	0.25993635270590804
9.991985165537221	9.991985165537221	0.23957782084988422	0.26042217915011573
10.071764235805338	10.071764235805338	0.23909690675253303	0.2609030932474669
10.151383813077107	10.151383813077107	0.238620794862028	0.261379205137972
10.230845451895533	10.230845451895533	0.23814937983536505	0.26185062016463506
10.310150683643148	10.310150683643148	0.23768256112654643	0.26231743887345366
10.389301016542026	10.389301016542026	0.237220242986581	0.2627797570134192
10.468297935653771	10.468297935653771	0.23676233446348374	0.26323766553651645
10.54714290287952	10.54714290287952	0.23630874940227614	0.2636912505977241
10.625837356959943	10.625837356959943	0.23585940644498601	0.2641405935550141
10.704382713475246	10.704382713475246	0.23541422903064763	0.26458577096935254
10.782780364845165	10.782780364845165	0.2349731453953015	0.26502685460469855
10.861031680328976	10.861031680328976	0.23453608857199462	0.26546391142800535
10.93913800602548	10.93913800602548	0.23410299639078033	0.26589700360921953
11.01710066487302	11.01710066487302	0.23367381147871832	0.2663261885212814
11.094920956649466	11.094920956649466	0.23324848125987474	0.266751518740125
11.172600157972223	11.172600157972223	0.232826957955322	0.2671730420446777
11.250139522298234	11.250139522298234	0.23240919858313888	0.26759080141686076
11.32754027992397	11.32754027992397	0.23199516495841072	0.26800483504158895
11.40480363798544	11.40480363798544	0.23158482369322902	0.26841517630677075
11.48193078045818	11.48193078045818	0.23117814619669175	0.26882185380330814
11.558922774884893	11.558922774884893	0.23077477867122995	0.26922522132877
11.635780907275954	11.635780907275954	0.23037476062020124	0.26962523937979876
11.712506353948058	11.712506353948058	0.2299781745059761	0.2700218254940239
11.789100209090655	11.789100209090655	0.22958495440689392	0.2704150455931061
11.865563553747156	11.865563553747156	0.2291950367100445	0.2708049632899555
11.941897455814933	11.941897455814933	0.22880836011126782	0.27119163988873224
12.018102970045309	12.018102970045309	0.2284248656151541	0.27157513438484593
12.094181138043568	12.094181138043568	0.228044496535044	0.271955503464956
12.170132988268952	12.170132988268952	0.2276671984930284	0.27233280150697164
12.245959536034656	12.245959536034656	0.22729291941994836	0.27270708058005166
12.321661783507839	12.321661783507839	0.2269216095553955	0.2730783904446046
12.397240719709615	12.397240719709615	0.22655322144771137	0.27344677855228866
12.472697320515051	12.472697320515051	0.22618770995398804	0.273812290046012
12.548032548653179	12.548032548653179	0.22582503224006786	0.27417496775993216
12.623247353706985	12.623247353706985	0.2254651477805434	0.2745348522194566
12.69834267211341	12.69834267211341	0.22510801835875754	0.2748919816412425
12.773319427163358	12.773319427163358	0.22475360806680345	0.27524639193319655
12.848178529001684	12.848178529001684	0.22440188330552455	0.2755981166944755
12.922920874627206	12.922920874627206	0.22405281278451464	0.2759471872154854
12.997547347892697	12.997547347892697	0.2237063675221177	0.27629363247788236
13.072058819504889	13.072058819504889	0.22336252084542804	0.27663747915457193
13.146456147024468	13.146456147024468	0.2230212483902903	0.2769787516097097
13.220740174866084	13.220740174866084	0.22268252810129935	0.27731747189870065
13.294911734298335	13.294911734298335	0.2223463402318004	0.27765365976819967
13.368971643443787	13.368971643443787	0.22201266734388883	0.2779873326561112
13.442920707278954	13.442920707278954	0.22168149430841047	0.2783185056915896
13.516759680417342	13.516759680417342	0.22135270341256896	0.2786472965874311
13.590489330335213	13.590489330335213	0.22102603016710187	0.2789739698328982
13.664110561740953	13.664110561740953	0.22070171553505355	0.27929828446494653
13.73762412586433	13.73762412586433	0.22037972137873316	0.27962027862126687
13.811030766408948	13.811030766408948	0.22006001067334283	0.2799399893266572
13.884331219552216	13.884331219552216	0.2197425475069775	0.2802574524930225
13.95752621394539	13.95752621394539	0.21942729708062503	0.2805727029193749
14.030616470713532	14.030616470713532	0.21911422570816616	0.2808857742918338
14.103602703455532	14.103602703455532	0.2188033008163744	0.2811966991836255
14.176485618244108	14.176485618244108	0.21849449094491624	0.2815055090550837
14.249265913625795	14.249265913625795	0.21818776574635096	0.28181223425364893
14.321944280620956	14.321944280620956	0.21788309598613076	0.28211690401386913
14.394521402723774	14.394521402723774	0.2175804535426007	0.28241954645739925
14.466997955902258	14.466997955902258	0.21727981140699867	0.28272018859300124
14.539374608598235	14.539374608598235	0.2169811436834555	0.28301885631654444
14.611652021727368	14.611652021727368	0.21668442558899487	0.28331557441100513
14.68383084867913	14.68383084867913	0.21638963345353324	0.28361036654646676
14.755911735316818	14.755911735316818	0.21609674471988002	0.28390325528012
14.827895319977566	14.827895319977566	0.21580573794373753	0.2841942620562625
14.899782233472315	14.899782233472315	0.21551659279370086	0.2844834072062993
14.971573099085841	14.971573099085841	0.21522929005125804	0.2847707099487421
15.043268532576738	15.043268532576738	0.21494381161078993	0.28505618838921026
15.11486914217742	15.11486914217742	0.2146601404795703	0.28533985952042995
15.186375528594136	15.186375528594136	0.2143782607777657	0.28562173922223455
15.257788285006946	15.257788285006946	0.2140981577384357	0.28590184226156456
15.32910799706974	15.32910799706974	0.2138198177075326	0.28618018229246767
15.400335242910229	15.400335242910229	0.21354322814390164	0.28645677185609864
15.47147059312995	15.47147059312995	0.21326837761928089	0.2867316223807193
15.54251461080426	15.54251461080426	0.21299525581830134	0.28700474418169886
15.61346785148234	15.61346785148234	0.2127238535384868	0.28727614646151334
15.684330863187201	15.684330863187201	0.21245416269025397	0.2875458373097461
15.755104101768692	15.755104101768692	0.21218593177742093	0.28781406822257916
15.82578822024094	15.82578822024094	0.2119192716078549	0.2880807283921452
15.896383775228518	15.896383775228518	0.21165422932597158	0.2883457706740285
15.966891284268723	15.966891284268723	0.2113907830171038	0.2886092169828963
16.03731126050781	16.03731126050781	0.21112891131667308	0.288871088683327
16.107644212701008	16.107644212701008	0.21086859341018988	0.28913140658981007
16.17789064521252	16.17789064521252	0.21060980903325355	0.28939019096674634
16.24805105801551	16.24805105801551	0.210352538471552	0.28964746152844784
16.31812594669212	16.31812594669212	0.21009676256086224	0.28990323743913754
16.388115802433457	16.388115802433457	0.2098424626870499	0.2901575373129498
16.458021112039603	16.458021112039603	0.20958962078606957	0.29041037921393004
16.527842357919603	16.527842357919603	0.20933821934396454	0.29066178065603504
16.597580018091477	16.597580018091477	0.20908824139686702	0.2909117586031325
16.667234566182213	16.667234566182213	0.20883967053099803	0.29116032946900156
16.73680647142777	16.73680647142777	0.2085924908826673	0.29140750911733226
16.80629619867307	16.80629619867307	0.20834668713827348	0.29165331286172613
16.87570420837202	16.87570420837202	0.20810224453430406	0.29189775546569563
16.945030956587484	16.945030956587484	0.2078591488573353	0.29214085114266447
17.0142768949913	17.0142768949913	0.20761738644403224	0.2923826135559676
17.083442470864277	17.083442470864277	0.20737694418114883	0.2926230558188512
17.15252812709619	17.15252812709619	0.20713780950552782	0.2928621904944723
17.22153430218579	17.22153430218579	0.20689997040410069	0.2931000295958996
17.290461430240793	17.290461430240793	0.20666341541388786	0.2933365845861126
17.359309940977884	17.359309940977884	0.2064281336219985	0.29357186637800214
17.42808025972272	17.42808025972272	0.20619411466563065	0.29380588533437013
17.49677280740993	17.49677280740993	0.2059613487320711	0.2940386512679299
17.565388000583113	17.565388000583113	0.20572982655869548	0.29427017344130557
17.633926251394833	17.633926251394833	0.20549953943296834	0.29450046056703283
17.702387967606622	17.702387967606622	0.20527047919244287	0.2947295208075583
17.770773552589	17.770773552589	0.20504263822476126	0.29495736177523996
17.839083405321432	17.839083405321432	0.2048160094676544	0.2951839905323468
17.90731792039237	17.90731792039237	0.20459058640894207	0.295409413591059
17.975477487999225	17.975477487999225	0.2043663630865328	0.2956336369134681
18.04356249394839	18.04356249394839	0.204143334088424	0.2958566659115766
18.111573319655214	18.111573319655214	0.20392149455270184	0.29607850544729836
18.179510281197167	18.179510281197167	0.20370070285577335	0.29629929714422665
18.247373808816153	18.247373808816153	0.20348096137760555	0.2965190386223944
18.315164325065894	18.315164325065894	0.20326235275929164	0.2967376472407084
18.38288219241996	18.38288219241996	0.20304486397112745	0.29695513602887247
18.45052777074848	18.45052777074848	0.20282848226106429	0.29717151773893563
18.518101417318107	18.518101417318107	0.2026131951547085	0.29738680484529145
18.585603486792053	18.585603486792053	0.20239899045532184	0.2976010095446781
18.653034331230067	18.653034331230067	0.20218585624382124	0.29781414375617876
18.720394300088433	18.720394300088433	0.20197378087877893	0.298026219121221
18.787683740219997	18.787683740219997	0.20176275299642243	0.29823724700357757
18.854902995874124	18.854902995874124	0.20155276151063448	0.29844723848936555
18.922052408696743	18.922052408696743	0.2013437956129531	0.29865620438704693
18.989132317730313	18.989132317730313	0.20113584477257151	0.2988641552274285
19.056143059413845	19.056143059413845	0.20092889873633835	0.2990711012636617
19.123084967582887	19.123084967582887	0.2007229475287573	0.2992770524712427
19.189958373469533	19.189958373469533	0.20051798145198754	0.2994820185480125
19.25676360570242	19.25676360570242	0.20031399108584336	0.2996860089141567
19.32350099030673	19.32350099030673	0.2001109672877943	0.2998890327122058
19.390170850704177	19.390170850704177	0.19990890119296525	0.30009109880703483
19.456773507713038	19.456773507713038	0.19970778421413635	0.30029221578586374
19.523309279548112	19.523309279548112	0.1995076080417429	0.30049239195825717
19.589778481820755	19.589778481820755	0.19930836464387558	0.3006916353561245
19.656181427538865	19.656181427538865	0.19911004626628026	0.3008899537337197
19.72251842710688	19.72251842710688	0.19891264543235818	0.3010873545676418
19.788789788325776	19.788789788325776	0.19871615494316566	0.30128384505683425
19.85499581639308	19.85499581639308	0.19852056787741448	0.30147943212258543
19.921136813902862	19.921136813902862	0.19832587759147152	0.30167412240852837
19.98721308084573	19.98721308084573	0.198132077719359	0.3018679222806408
20.053224914608844	20.053224914608844	0.19793916217275442	0.30206083782724535
20.11917260997589	20.11917260997589	0.19774712514099052	0.3022528748590092
20.18505645912712	20.18505645912712	0.19755596109105528	0.30244403890894445
20.25087675163931	20.25087675163931	0.19736566476759193	0.30263433523240774
20.31663377448579	20.31663377448579	0.19717623119289904	0.30282376880710066
20.382327812036426	20.382327812036426	0.19698765566693036	0.3030123443330693
20.447959146057634	20.447959146057634	0.19679993376729493	0.3032000662327047
20.513528055712367	20.513528055712367	0.19661306134925713	0.3033869386507425
20.579034817560125	20.579034817560125	0.19642703454573646	0.30357296545426327
20.644479705556954	20.644479705556954	0.19624184976730774	0.303758150232692
20.709862991055434	20.709862991055434	0.19605750370220112	0.3039424962977987
20.775184942804696	20.775184942804696	0.1958739933163019	0.304126006683698
20.840445815593938	20.840445815593938	0.19569129686228035	0.3043087031377196
20.905645811580143	20.905645811580143	0.19550925789015677	0.3044907421098432
20.97078530500235	20.97078530500235	0.19532802115830142	0.30467197884169855
21.035864552341764	21.035864552341764	0.1951475787785457	0.3048524212214543
21.10088380851495	21.10088380851495	0.19496792300542296	0.30503207699457696
21.165843326873883	21.165843326873883	0.19478904623616855	0.3052109537638314
21.23074335920591	21.23074335920591	0.1946109410107198	0.3053890589892802
21.295584155733767	21.295584155733767	0.19443360001171608	0.30556639998828394
21.360365965115584	21.360365965115584	0.19425701606449872	0.3057429839355013
21.42508903444486	21.42508903444486	0.194081182137111	0.30591881786288905
21.489753609250503	21.489753609250503	0.1939060913402983	0.3060939086597018
21.55435993349679	21.55435993349679	0.19373173692750786	0.3062682630724923
21.618908249583384	21.618908249583384	0.193558112294889	0.30644188770511116
21.68339879834535	21.68339879834535	0.193385210981293	0.3066147890187072
21.747831819053125	21.747831819053125	0.19321302666827314	0.3067869733317271
21.812207549412538	21.812207549412538	0.19304155318008467	0.3069584468199156
21.8765262255648	21.8765262255648	0.1928707844836849	0.3071292155163154
21.940788082086513	21.940788082086513	0.19270071468873304	0.3072992853112672
22.00499335198966	22.00499335198966	0.19253133804759037	0.3074686619524099
22.069142266721617	22.069142266721617	0.19236264895532007	0.30763735104468015
22.13323505616514	22.13323505616514	0.19219464194968744	0.3078053580503128
22.19727194863838	22.19727194863838	0.19202731171115967	0.30797268828884056
22.261253170894868	22.261253170894868	0.19186065306290595	0.30813934693709427
22.325178948123508	22.325178948123508	0.1916946609707975	0.30830533902920265
22.38904950394862	22.38904950394862	0.1915293305434075	0.30847066945659257
22.452865060429886	22.452865060429886	0.19136465703201117	0.3086353429679889
22.51662583806238	22.51662583806238	0.19120063583058566	0.30879936416941434
22.580332055776577	22.580332055776577	0.19103726247581013	0.3089627375241898
22.643983930938315	22.643983930938315	0.1908745326470658	0.30912546735293406
22.707581679348827	22.707581679348827	0.19071244216643574	0.30928755783356404
22.771125515244744	22.771125515244744	0.19055098699870515	0.30944901300129457
22.834615651298066	22.834615651298066	0.19039016325136118	0.30960983674863846
22.89805229861619	22.89805229861619	0.1902299671745929	0.30977003282540666
22.961435666741895	22.961435666741895	0.19007039516129146	0.309929604838708
23.02476596365335	23.02476596365335	0.18991144374705	0.31008855625294945
23.088043395764107	23.088043395764107	0.18975310961016353	0.3102468903898358
23.1512681679231	23.1512681679231	0.18959538957162927	0.3104046104283701
23.21444048341466	23.21444048341466	0.18943828059514622	0.31056171940485305
23.277560543958494	23.277560543958494	0.18928177978711547	0.3107182202128838
23.340628549709706	23.340628549709706	0.1891258843966401	0.3108741156033592
23.403644699258773	23.403644699258773	0.18897059181552517	0.3110294081844741
23.46660918963157	23.46660918963157	0.18881589957827774	0.31118410042172157
23.52952221628935	23.52952221628935	0.18866180536210686	0.3113381946378926
23.59238397312876	23.59238397312876	0.18850830698692353	0.311491693013076
23.655194652481825	23.655194652481825	0.1883554024153408	0.3116445975846588
23.71795444511596	23.71795444511596	0.1882030897526737	0.3117969102473261
23.78066354023397	23.78066354023397	0.18805136724693922	0.31194863275306073
23.843322073658186	23.843322073658186	0.1879001497717451	0.3120998502282549
23.905930271015247	23.905930271015247	0.1877494457658942	0.31225055423410586
23.968488360212426	23.968488360212426	0.18759930879524986	0.31240069120475017
24.03099652301326	24.03099652301326	0.18744973411161472	0.31255026588838525
24.09345494023028	24.09345494023028	0.18730071704123655	0.3126992829587634
24.155863791724983	24.155863791724983	0.1871522529848077	0.3128477470151923
24.218223256407857	24.218223256407857	0.18700433741746564	0.3129956625825343
24.280533512238353	24.280533512238353	0.18685696588879264	0.3131430341112073
24.342794736224924	24.342794736224924	0.18671013402281583	0.31328986597718406
24.40500710442499	24.40500710442499	0.18656383751800737	0.3134361624819926
24.46717079194495	24.46717079194495	0.1864180721472841	0.3135819278527158
24.52928597294018	24.52928597294018	0.18627283375800782	0.31372716624199204
24.591352820615047	24.591352820615047	0.18612811827198536	0.3138718817280145
24.65337150722289	24.65337150722289	0.1859839216854683	0.3140160783145316
24.715342204066022	24.715342204066022	0.18584024006915303	0.3141597599308468
24.777265081495745	24.777265081495745	0.18569706956818108	0.31430293043181884
24.839140308912338	24.839140308912338	0.1855544064021386	0.31444559359786123
24.90096805476506	24.90096805476506	0.1854122468650568	0.314587753134943
24.962748486552144	24.962748486552144	0.18527058732541174	0.31472941267458815
25.02448177082081	25.02448177082081	0.1851294242261243	0.3148705757738755
25.086168073167258	25.086168073167258	0.18498875408456036	0.3150112459154395
25.147807558236657	25.147807558236657	0.1848485734925306	0.3151514265074693
25.209400389723164	25.209400389723164	0.18470887911629055	0.3152911208837093
25.270946730369918	25.270946730369918	0.18456966769654082	0.3154303323034591
25.332446741969033	25.332446741969033	0.18443093604842667	0.31556906395157325
25.393900585361596	25.393900585361596	0.18429268106153843	0.3157073189384615
25.455308420437696	25.455308420437696	0.18415489969991122	0.3158451003000887
25.51667040613637	25.51667040613637	0.18401758900202503	0.3159824109979749
25.577986700445663	25.577986700445663	0.18388074608080485	0.3161192539191951
25.63925746040258	25.63925746040258	0.18374436812362047	0.3162556318763795
25.700482842093113	25.700482842093113	0.18360845239228657	0.31639154760771343
25.76166300065224	25.76166300065224	0.18347299622306276	0.31652700377693727
25.82279809026391	25.82279809026391	0.1833379970266535	0.31666200297334657
25.883888264161055	25.883888264161055	0.1832034522882081	0.316796547711792
25.944933674625577	25.944933674625577	0.1830693595673209	0.3169306404326792
26.005934472988375	26.005934472988375	0.18293571649803098	0.3170642835019692
26.066890809629317	26.066890809629317	0.18280252078882236	0.3171974792111778
26.127802833977253	26.127802833977253	0.18266977022262396	0.3173302297773762
26.188670694510005	26.188670694510005	0.18253746265680962	0.31746253734319063
26.249494538754387	26.249494538754387	0.18240559602319795	0.3175944039768023
26.31027451328619	26.31027451328619	0.18227416832805257	0.3177258316719477
26.37101076373017	26.37101076373017	0.18214317765208196	0.3178568223479183
26.43170343476008	26.43170343476008	0.18201262215043942	0.3179873778495608
26.492352670098654	26.492352670098654	0.18188250005272324	0.31811749994727706
26.55295861251759	26.55295861251759	0.18175280966297647	0.3182471903370238
26.61352140383757	26.61352140383757	0.18162354935968722	0.31837645064031306
26.674041184928267	26.674041184928267	0.1814947175957883	0.31850528240421194
26.734518095708324	26.734518095708324	0.18136631289865757	0.3186336871013427
26.794952275145363	26.794952275145363	0.18123833387011765	0.3187616661298826
26.855343861255992	26.855343861255992	0.18111077918643614	0.3188892208135641
26.91569299110579	26.91569299110579	0.1809836475983255	0.3190163524016747
26.97599980080932	26.97599980080932	0.180856937930943	0.31914306206905707
27.036264425530128	27.036264425530128	0.18073064908389094	0.3192693509161091
27.09648698502321	27.09648698502321	0.1806047617236408	0.31939523827635924
27.15666756784172	27.15666756784172	0.18047919309950483	0.3195208069004952
27.216806390788314	27.216806390788314	0.18035403095993288	0.3196459690400672
27.276903584103362	27.276903584103362	0.18022927237700131	0.31977072762299874
27.33695927744359	27.33695927744359	0.18010491446212243	0.31989508553787765
27.396973599882102	27.396973599882102	0.17998095436604422	0.3200190456339558
27.45694667990835	27.45694667990835	0.17985738927885084	0.3201426107211492
27.516878645428157	27.516878645428157	0.17973421642996212	0.32026578357003793
27.576769623763703	27.576769623763703	0.17961143308813385	0.32038856691186623
27.636619741653547	27.636619741653547	0.17948903656145768	0.3205109634385424
27.69642912525259	27.69642912525259	0.1793670241973611	0.3206329758026389
27.75619790013212	27.75619790013212	0.17924539338260767	0.32075460661739236
27.815926191279765	27.815926191279765	0.17912414154329664	0.3208758584567034
27.875614123099528	27.875614123099528	0.17900326614486317	0.32099673385513683
27.935261819411785	27.935261819411785	0.17888276469207837	0.32111723530792163
27.994869403453258	27.994869403453258	0.1787626347290492	0.3212373652709507
28.05443699787704	28.05443699787704	0.17864287383921854	0.32135712616078144
28.11396472475259	28.11396472475259	0.17852347964536502	0.32147652035463486
28.17345270556573	28.17345270556573	0.17840444980960338	0.3215955501903965
28.232901061218644	28.232901061218644	0.17828578203338408	0.3217142179666158
28.292309912029868	28.292309912029868	0.17816747405749342	0.32183252594250644
28.351679377734328	28.351679377734328	0.17804952366205376	0.3219504763379461
28.411009577483288	28.411009577483288	0.17793192866652321	0.32206807133347665
28.470300629844388	28.470300629844388	0.17781468692969582	0.322185313070304
28.52955265280163	28.52955265280163	0.17769779634970145	0.3223022036502984
28.588765763755383	28.588765763755383	0.177581254864006	0.3224187451359939
28.647940079522368	28.647940079522368	0.17746506044941104	0.3225349395505888
28.70707571633568	28.70707571633568	0.1773492111220542	0.3226507888779456
28.766172789844774	28.766172789844774	0.17723370493740895	0.3227662950625909
28.82523141511547	28.82523141511547	0.17711853999028457	0.3228814600097153
28.88425170662994	28.88425170662994	0.17700371441482626	0.32299628558517357
28.943233778286746	28.943233778286746	0.1768892263845152	0.3231107736154847
29.002177743400786	29.002177743400786	0.17677507411216833	0.3232249258878316
29.06108371470334	29.06108371470334	0.1766612558499385	0.3233387441500614
29.119951804342037	29.119951804342037	0.1765477698893145	0.32345223011068547
29.178782123880882	29.178782123880882	0.17643461456112092	0.3235653854388791
29.237574784300236	29.237574784300236	0.1763217882355183	0.3236782117644817
29.296329895996823	29.296329895996823	0.17620928932200305	0.323790710677997
29.355047568783736	29.355047568783736	0.17609711626940744	0.3239028837305926
29.413727911890433	29.413727911890433	0.17598526756589966	0.32401473243410045
29.472371033962723	29.472371033962723	0.1758737417389837	0.3241262582610164
29.53097704306279	29.53097704306279	0.17576253735549957	0.32423746264450054
29.589546046669177	29.589546046669177	0.17565165302162308	0.3243483469783771
29.6480781516768	29.6480781516768	0.1755410873828659	0.3244589126171343
29.706573464396918	29.706573464396918	0.17543083912407562	0.3245691608759246
29.765032090557174	29.765032090557174	0.17532090696943572	0.3246790930305645
29.823454135301564	29.823454135301564	0.17521128968246555	0.3247887103175347
29.881839703190444	29.881839703190444	0.17510198606602037	0.32489801393397993
29.94018889820055	29.94018889820055	0.17499299496229123	0.3250070050377091
29.99850182372496	29.99850182372496	0.17488431525280523	0.3251156847471951
30.056778582573138	30.056778582573138	0.17477594585842518	0.3252240541415751
30.115019276970887	30.115019276970887	0.1746678857393499	0.32533211426065045
30.173224008560396	30.173224008560396	0.17456013389511402	0.3254398661048863
30.2313928784002	30.2313928784002	0.17445268936458808	0.32554731063541226
30.289525986965213	30.289525986965213	0.17434555122597853	0.3256544487740218
30.3476234341467	30.3476234341467	0.1742387185968276	0.32576128140317273
30.405685319252296	30.405685319252296	0.17413219063401356	0.32586780936598675
30.463711741005994	30.463711741005994	0.1740259665337504	0.3259740334662498
30.52170279754816	30.52170279754816	0.17392004553158819	0.32607995446841204
30.57965858643551	30.57965858643551	0.1738144269024127	0.32618557309758744
30.63757920464114	30.63757920464114	0.1737091099604456	0.3262908900395544
30.695464748554496	30.695464748554496	0.17360409405924462	0.32639590594075535
30.753315248435612	30.753315248435612	0.1734992972706294	0.3265007027293706
30.811130875179064	30.811130875179064	0.17339478194491637	0.32660521805508363
30.86891173301919	30.86891173301919	0.17329055728036988	0.3267094427196302
30.92665791531268	30.92665791531268	0.1731866214830038	0.32681337851699627
30.984369515055153	30.984369515055153	0.17308297277984155	0.3269170272201585
31.042046624881124	31.042046624881124	0.1729796094189164	0.3270203905810837
31.099689337063996	31.099689337063996	0.17287652966927106	0.327123470330729
31.1572977435161	31.1572977435161	0.17277373182095782	0.3272262681790422
31.21487193578865	31.21487193578865	0.17267121418503883	0.3273287858149613
31.272412005071764	31.272412005071764	0.17256897509358565	0.32743102490641446
31.329918042194475	31.329918042194475	0.17246701289967953	0.3275329871003205
31.3873901376247	31.3873901376247	0.17236532597741142	0.3276346740225886
31.44482838146928	31.44482838146928	0.17226391272188182	0.3277360872781182
31.502232863473942	31.502232863473942	0.1721627715492009	0.3278372284507991
31.559603673023314	31.559603673023314	0.17206190089648846	0.32793809910351157
31.61694089914095	31.61694089914095	0.17196129922187386	0.32803870077812614
31.67424463048928	31.67424463048928	0.17186096500449619	0.3281390349955038
31.73151495536964	31.73151495536964	0.17176089674450412	0.3282391032554958
31.788751961722287	31.788751961722287	0.17166109296305598	0.328338907036944
31.84595573712636	31.84595573712636	0.1715615522023196	0.3284384477976804
31.903126368799917	31.903126368799917	0.17146227302547262	0.3285377269745273
31.960263943599898	31.960263943599898	0.1713632540167022	0.3286367459832978
32.01736854802217	32.01736854802217	0.17126449378120515	0.3287355062187948
32.074440268201485	32.074440268201485	0.17116599094518795	0.328834009054812
32.1314791899115	32.1314791899115	0.17106774415586662	0.3289322558441333
32.18848539856478	32.18848539856478	0.17096975208146686	0.329030247918533
32.24545897921279	32.24545897921279	0.17087201341122407	0.32912798658877584
32.3024000165459	32.3024000165459	0.17077452685538316	0.32922547314461675
32.35930859489337	32.35930859489337	0.17067729114519872	0.32932270885480114
32.41618479822339	32.41618479822339	0.17058030503293498	0.32941969496706486
32.47302871014301	32.47302871014301	0.17048356729186578	0.3295164327081341
32.52984041389824	32.52984041389824	0.17038707671627462	0.32961292328372527
32.58661999237393	32.58661999237393	0.17029083212145457	0.3297091678785453
32.64336752809388	32.64336752809388	0.17019483234370836	0.32980516765629153
32.70008310322076	32.70008310322076	0.17009907624034837	0.3299009237596515
32.756766799556175	32.756766799556175	0.17000356268969657	0.32999643731030337
32.8134186985406	32.8134186985406	0.16990829059108462	0.3300917094089153
32.870038881253436	32.870038881253436	0.1698132588648537	0.3301867411351462
32.92662742841298	32.92662742841298	0.16971846645235475	0.3302815335476452
32.98318442037641	32.98318442037641	0.16962391231594828	0.3303760876840517
33.03970993713985	33.03970993713985	0.16952959543900437	0.3304704045609956
33.09620405833829	33.09620405833829	0.16943551482590283	0.3305644851740972
33.152666863245635	33.152666863245635	0.169341669502033	0.330658330497967
33.209098430774695	33.209098430774695	0.16924805851379393	0.33075194148620607
33.265498839477175	33.265498839477175	0.16915468092859431	0.33084531907140574
33.3218681675437	33.3218681675437	0.16906153583485237	0.3309384641651477
33.37820649280377	33.37820649280377	0.168968622341996	0.33103137765800406
33.43451389272581	33.43451389272581	0.1688759395804628	0.33112406041953735
33.490790444417144	33.490790444417144	0.16878348670169988	0.33121651329830026
33.54703622462399	33.54703622462399	0.16869126287816405	0.3313087371218361
33.603251309731455	33.603251309731455	0.16859926730332173	0.3314007326966784
33.65943577576359	33.65943577576359	0.16850749919164898	0.3314925008083512
33.71558969838332	33.71558969838332	0.16841595777863147	0.3315840422213687
33.77171315289248	33.77171315289248	0.16832464232076452	0.33167535767923567
33.82780621423179	33.82780621423179	0.16823355209555307	0.33176644790444715
33.8838689569809	33.8838689569809	0.16814268640151167	0.3318573135984886
33.93990145535835	33.93990145535835	0.16805204455816453	0.33194795544183575
33.99590378322158	33.99590378322158	0.16796162590604546	0.3320383740939548
34.05187601406692	34.05187601406692	0.16787142980669795	0.33212857019330233
34.107818221029646	34.107818221029646	0.16778145564267502	0.3322185443573253
34.163730476883885	34.163730476883885	0.1676917028175394	0.33230829718246085
34.2196128540427	34.2196128540427	0.16760217075586348	0.3323978292441368
34.275465424558035	34.275465424558035	0.16751285890322917	0.3324871410967711
34.331288260120765	34.331288260120765	0.1674237667262281	0.3325762332737721
34.38708143206064	34.38708143206064	0.16733489371246146	0.33266510628753876
34.442845011346314	34.442845011346314	0.16724623937054015	0.33275376062946005
34.498579068585364	34.498579068585364	0.1671578032300846	0.33284219676991555
34.554283674024255	34.554283674024255	0.167069584841725	0.33293041515827515
34.60995889754835	34.60995889754835	0.166981583777101	0.3330184162228991
34.665604808681934	34.665604808681934	0.16689379962886203	0.333106200371138
34.72122147431745	34.72122147431745	0.16680619822923493	0.333193801770765
34.776808965658866	34.776808965658866	0.1667187845819106	0.33328121541808936
34.83236735351367	34.83236735351367	0.16663157745653545	0.3333684225434646
34.887896706691464	34.887896706691464	0.16654457616437604	0.33345542383562404
34.943397093715404	34.943397093715404	0.16645777997819933	0.33354222002180084
34.99886858282214	34.99886858282214	0.16637118813227225	0.33362881186772786
35.05431124196186	35.05431124196186	0.16628479982236202	0.33371520017763806
35.109725138798275	35.109725138798275	0.16619861420573598	0.333801385794264
35.16511034070862	35.16511034070862	0.16611263040116164	0.33388736959883825
35.22046691478366	35.22046691478366	0.16602684748890675	0.33397315251109305
35.275794927827654	35.275794927827654	0.1659412645107391	0.3340587354892606
35.33109444635844	35.33109444635844	0.16585588046992675	0.334144119530073
35.38636553660734	35.38636553660734	0.1657706943312379	0.3342293056687621
